N : 6

GRAPH : [
        (1 2) 1     (1 3) 1     (1 4) 1     (1 5) 1     (1 6) 1
                    (2 3) 1     (2 4) 1     (2 5) 1     (2 6) 1
                                (3 4) 1     (3 5) 1     (3 6) 1
                                            (4 5) 1     (4 6) 1
                                                        (5 6) 1
]

COSTS : [
        (1 2) 2     (1 3) 4     (1 4) 1    (1 5) 8     (1 6) 7
                    (2 3) 6     (2 4) 2     (2 5) 5     (2 6) 15
                                (3 4) 1     (3 5) 6     (3 6) 5
                                            (4 5) 9     (4 6) 3
                                                        (5 6) 2
]
