N : 7

GRAPH : [ (1 2) 1 (1 3) 1  (1 4) 1  (1 5) 1  (1 6) 1  (1 7) 1
		          (2 3) 1  (2 4) 1  (2 5) 1  (2 6) 1  (2 7) 1
		  	 			   (3 4) 1  (3 5) 1  (3 6) 1  (3 7) 1
									(4 5) 1  (4 6) 1  (4 7) 1
									 		 (5 6) 1  (5 7) 1
													  (6 7) 1 ]

COSTS : [ (1 2) 1  (1 3) 3 (1 4) 4 (1 5) 20 (1 6) 13 (1 7) 12
		 		   (2 3) 3 (2 4) 4 (2 5) 12 (2 6) 5  (2 7) 20
		  				   (3 4) 6 (3 5) 18 (3 6) 14 (3 7) 9
		  						   (4 5) 11 (4 6) 7  (4 7) 20
											(5 6) 8  (5 7) 7
												 	 (6 7) 9 ]
